function [c]=grad_co
co=lines;
c=[];

%black
c(1,:,1)=[0 0 0];
c(1,:,2)=[.4 .4 .4];
c(1,:,3)=[.8 .8 .8];

%orange
c(2,:,1)=co(2,:);
c(2,:,2)=[236 169 140]/255;
c(2,:,3)=[247 221 209]/255;

%purple
c(3,:,1)=co(4,:);
c(3,:,2)=[164 109 176]/255;
c(3,:,3)=[216 192 221]/255;

%green
c(4,:,1)=co(5,:);
c(4,:,2)=[160 197 110]/255;
c(4,:,3)=[201 222 172]/255;
end